nm	    Data
200.0	8.296
200.2	8.287
200.4	8.248
200.6	8.197
200.8	8.133
201.0	8.064
201.2	7.996
201.4	7.902
201.6	7.777
201.8	7.665
202.0	7.553
202.2	7.453
202.4	7.345
202.6	7.246
202.8	7.137
203.0	7.035
203.2	6.937
203.4	6.820
203.6	6.719
203.8	6.620
204.0	6.545
204.2	6.461
204.4	6.382
204.6	6.298
204.8	6.220
205.0	6.142
205.2	6.064
205.4	5.995
205.6	5.940
205.8	5.870
206.0	5.810
206.2	5.757
206.4	5.703
206.6	5.657
206.8	5.611
207.0	5.565
207.2	5.537
207.4	5.493
207.6	5.455
207.8	5.409
208.0	5.374
208.2	5.312
208.4	5.269
208.6	5.231
208.8	5.188
209.0	5.149
209.2	5.116
209.4	5.075
209.6	5.047
209.8	5.025
210.0	4.995
210.2	4.961
210.4	4.936
210.6	4.912
210.8	4.892
211.0	4.868
211.2	4.852
211.4	4.832
211.6	4.807
211.8	4.788
212.0	4.779
212.2	4.773
212.4	4.751
212.6	4.737
212.8	4.735
213.0	4.728
213.2	4.719
213.4	4.711
213.6	4.703
213.8	4.706
214.0	4.700
214.2	4.689
214.4	4.688
214.6	4.682
214.8	4.684
215.0	4.688
215.2	4.697
215.4	4.696
215.6	4.681
215.8	4.674
216.0	4.677
216.2	4.674
216.4	4.669
216.6	4.672
216.8	4.666
217.0	4.647
217.2	4.637
217.4	4.618
217.6	4.607
217.8	4.600
218.0	4.590
218.2	4.592
218.4	4.590
218.6	4.579
218.8	4.563
219.0	4.543
219.2	4.543
219.4	4.525
219.6	4.521
219.8	4.526
220.0	4.509
220.2	4.482
220.4	4.463
220.6	4.454
220.8	4.436
221.0	4.426
221.2	4.421
221.4	4.412
221.6	4.393
221.8	4.381
222.0	4.366
222.2	4.339
222.4	4.322
222.6	4.308
222.8	4.288
223.0	4.259
223.2	4.245
223.4	4.217
223.6	4.210
223.8	4.203
224.0	4.193
224.2	4.183
224.4	4.175
224.6	4.163
224.8	4.155
225.0	4.147
225.2	4.137
225.4	4.129
225.6	4.118
225.8	4.105
226.0	4.101
226.2	4.101
226.4	4.100
226.6	4.095
226.8	4.089
227.0	4.085
227.2	4.093
227.4	4.089
227.6	4.091
227.8	4.095
228.0	4.095
228.2	4.095
228.4	4.109
228.6	4.114
228.8	4.120
229.0	4.127
229.2	4.127
229.4	4.133
229.6	4.139
229.8	4.139
230.0	4.145
230.2	4.156
230.4	4.158
230.6	4.173
230.8	4.166
231.0	4.169
231.2	4.172
231.4	4.172
231.6	4.167
231.8	4.180
232.0	4.178
232.2	4.169
232.4	4.175
232.6	4.182
232.8	4.172
233.0	4.164
233.2	4.159
233.4	4.146
233.6	4.144
233.8	4.146
234.0	4.134
234.2	4.135
234.4	4.134
234.6	4.122
234.8	4.109
235.0	4.092
235.2	4.080
235.4	4.071
235.6	4.057
235.8	4.048
236.0	4.050
236.2	4.037
236.4	4.030
236.6	4.019
236.8	4.005
237.0	3.997
237.2	3.989
237.4	3.983
237.6	3.985
237.8	3.984
238.0	3.988
238.2	3.979
238.4	3.977
238.6	3.975
238.8	3.975
239.0	3.970
239.2	3.981
239.4	3.982
239.6	3.984
239.8	3.987
240.0	3.987
240.2	3.990
240.4	4.005
240.6	4.014
240.8	4.030
241.0	4.042
241.2	4.057
241.4	4.063
241.6	4.077
241.8	4.087
242.0	4.097
242.2	4.105
242.4	4.103
242.6	4.118
242.8	4.130
243.0	4.146
243.2	4.148
243.4	4.147
243.6	4.166
243.8	4.184
244.0	4.185
244.2	4.196
244.4	4.201
244.6	4.212
244.8	4.215
245.0	4.223
245.2	4.218
245.4	4.221
245.6	4.223
245.8	4.228
246.0	4.225
246.2	4.227
246.4	4.218
246.6	4.215
246.8	4.208
247.0	4.196
247.2	4.193
247.4	4.176
247.6	4.166
247.8	4.155
248.0	4.145
248.2	4.135
248.4	4.117
248.6	4.109
248.8	4.103
249.0	4.089
249.2	4.070
249.4	4.060
249.6	4.052
249.8	4.039
250.0	4.027
250.2	4.015
250.4	3.997
250.6	3.998
250.8	3.989
251.0	3.980
251.2	3.980
251.4	3.980
251.6	3.980
251.8	3.980
252.0	3.977
252.2	3.970
252.4	3.976
252.6	3.971
252.8	3.978
253.0	3.981
253.2	3.986
253.4	3.995
253.6	3.995
253.8	4.009
254.0	4.023
254.2	4.030
254.4	4.037
254.6	4.045
254.8	4.049
255.0	4.062
255.2	4.071
255.4	4.083
255.6	4.091
255.8	4.102
256.0	4.115
256.2	4.128
256.4	4.137
256.6	4.154
256.8	4.159
257.0	4.173
257.2	4.184
257.4	4.194
257.6	4.210
257.8	4.227
258.0	4.229
258.2	4.233
258.4	4.248
258.6	4.246
258.8	4.250
259.0	4.247
259.2	4.261
259.4	4.279
259.6	4.277
259.8	4.273
260.0	4.282
260.2	4.289
260.4	4.286
260.6	4.281
260.8	4.286
261.0	4.282
261.2	4.283
261.4	4.297
261.6	4.301
261.8	4.301
262.0	4.298
262.2	4.296
262.4	4.298
262.6	4.290
262.8	4.291
263.0	4.282
263.2	4.283
263.4	4.277
263.6	4.263
263.8	4.252
264.0	4.241
264.2	4.237
264.4	4.229
264.6	4.219
264.8	4.214
265.0	4.212
265.2	4.208
265.4	4.200
265.6	4.195
265.8	4.188
266.0	4.179
266.2	4.178
266.4	4.172
266.6	4.171
266.8	4.152
267.0	4.152
267.2	4.150
267.4	4.165
267.6	4.158
267.8	4.163
268.0	4.159
268.2	4.166
268.4	4.184
268.6	4.188
268.8	4.195
269.0	4.199
269.2	4.207
269.4	4.217
269.6	4.232
269.8	4.241
270.0	4.252
270.2	4.266
270.4	4.282
270.6	4.298
270.8	4.305
271.0	4.317
271.2	4.335
271.4	4.355
271.6	4.371
271.8	4.391
272.0	4.407
272.2	4.427
272.4	4.434
272.6	4.438
272.8	4.448
273.0	4.460
273.2	4.470
273.4	4.490
273.6	4.503
273.8	4.511
274.0	4.520
274.2	4.527
274.4	4.538
274.6	4.551
274.8	4.563
275.0	4.567
275.2	4.580
275.4	4.599
275.6	4.601
275.8	4.611
276.0	4.613
276.2	4.627
276.4	4.629
276.6	4.634
276.8	4.648
277.0	4.663
277.2	4.665
277.4	4.672
277.6	4.686
277.8	4.696
278.0	4.705
278.2	4.720
278.4	4.731
278.6	4.742
278.8	4.751
279.0	4.766
279.2	4.778
279.4	4.796
279.6	4.807
279.8	4.818
280.0	4.834
280.2	4.849
280.4	4.869
280.6	4.888
280.8	4.900
281.0	4.920
281.2	4.929
281.4	4.941
281.6	4.959
281.8	4.981
282.0	4.994
282.2	5.012
282.4	5.038
282.6	5.057
282.8	5.092
283.0	5.106
283.2	5.126
283.4	5.137
283.6	5.154
283.8	5.170
284.0	5.181
284.2	5.194
284.4	5.200
284.6	5.216
284.8	5.237
285.0	5.247
285.2	5.262
285.4	5.268
285.6	5.281
285.8	5.301
286.0	5.316
286.2	5.333
286.4	5.342
286.6	5.346
286.8	5.360
287.0	5.375
287.2	5.391
287.4	5.387
287.6	5.390
287.8	5.399
288.0	5.400
288.2	5.400
288.4	5.400
288.6	5.406
288.8	5.406
289.0	5.410
289.2	5.423
289.4	5.424
289.6	5.422
289.8	5.418
290.0	5.421
290.2	5.413
290.4	5.410
290.6	5.407
290.8	5.395
291.0	5.394
291.2	5.396
291.4	5.395
291.6	5.389
291.8	5.393
292.0	5.392
292.2	5.395
292.4	5.393
292.6	5.391
292.8	5.394
293.0	5.401
293.2	5.405
293.4	5.404
293.6	5.410
293.8	5.410
294.0	5.412
294.2	5.422
294.4	5.429
294.6	5.435
294.8	5.448
295.0	5.462
295.2	5.472
295.4	5.477
295.6	5.480
295.8	5.489
296.0	5.500
296.2	5.520
296.4	5.527
296.6	5.545
296.8	5.567
297.0	5.576
297.2	5.591
297.4	5.597
297.6	5.611
297.8	5.615
298.0	5.637
298.2	5.653
298.4	5.675
298.6	5.691
298.8	5.707
299.0	5.725
299.2	5.734
299.4	5.745
299.6	5.756
299.8	5.764
300.0	5.785
300.2	5.799
300.4	5.806
300.6	5.818
300.8	5.833
301.0	5.843
301.2	5.849
301.4	5.860
301.6	5.856
301.8	5.870
302.0	5.882
302.2	5.898
302.4	5.921
302.6	5.921
302.8	5.928
303.0	5.939
303.2	5.951
303.4	5.955
303.6	5.953
303.8	5.953
304.0	5.947
304.2	5.954
304.4	5.959
304.6	5.968
304.8	5.974
305.0	5.987
305.2	5.980
305.4	5.987
305.6	5.998
305.8	5.999
306.0	6.012
306.2	6.016
306.4	6.020
306.6	6.019
306.8	6.021
307.0	6.036
307.2	6.043
307.4	6.056
307.6	6.075
307.8	6.090
308.0	6.100
308.2	6.106
308.4	6.130
308.6	6.130
308.8	6.157
309.0	6.172
309.2	6.196
309.4	6.208
309.6	6.234
309.8	6.257
310.0	6.277
310.2	6.295
310.4	6.309
310.6	6.320
310.8	6.343
311.0	6.369
311.2	6.384
311.4	6.413
311.6	6.428
311.8	6.453
312.0	6.478
312.2	6.494
312.4	6.523
312.6	6.536
312.8	6.552
313.0	6.575
313.2	6.598
313.4	6.606
313.6	6.621
313.8	6.639
314.0	6.660
314.2	6.675
314.4	6.693
314.6	6.698
314.8	6.710
315.0	6.712
315.2	6.728
315.4	6.750
315.6	6.761
315.8	6.775
316.0	6.778
316.2	6.791
316.4	6.806
316.6	6.808
316.8	6.816
317.0	6.821
317.2	6.827
317.4	6.824
317.6	6.837
317.8	6.838
318.0	6.843
318.2	6.843
318.4	6.838
318.6	6.830
318.8	6.830
319.0	6.836
319.2	6.841
319.4	6.847
319.6	6.857
319.8	6.852
320.0	6.860
320.2	6.858
320.4	6.869
320.6	6.870
320.8	6.890
321.0	6.894
321.2	6.901
321.4	6.915
321.6	6.923
321.8	6.944
322.0	6.960
322.2	6.973
322.4	6.984
322.6	7.004
322.8	7.018
323.0	7.040
323.2	7.056
323.4	7.082
323.6	7.104
323.8	7.128
324.0	7.157
324.2	7.185
324.4	7.210
324.6	7.239
324.8	7.273
325.0	7.303
325.2	7.329
325.4	7.363
325.6	7.393
325.8	7.425
326.0	7.459
326.2	7.493
326.4	7.535
326.6	7.565
326.8	7.597
327.0	7.641
327.2	7.670
327.4	7.689
327.6	7.727
327.8	7.765
328.0	7.795
328.2	7.814
328.4	7.851
328.6	7.876
328.8	7.904
329.0	7.921
329.2	7.942
329.4	7.975
329.6	8.002
329.8	8.020
330.0	8.045
330.2	8.078
330.4	8.105
330.6	8.128
330.8	8.157
331.0	8.185
331.2	8.205
331.4	8.229
331.6	8.236
331.8	8.257
332.0	8.287
332.2	8.313
332.4	8.324
332.6	8.352
332.8	8.361
333.0	8.379
333.2	8.402
333.4	8.411
333.6	8.431
333.8	8.464
334.0	8.494
334.2	8.506
334.4	8.519
334.6	8.562
334.8	8.585
335.0	8.614
335.2	8.646
335.4	8.656
335.6	8.684
335.8	8.720
336.0	8.757
336.2	8.790
336.4	8.821
336.6	8.872
336.8	8.903
337.0	8.949
337.2	8.995
337.4	9.035
337.6	9.079
337.8	9.127
338.0	9.170
338.2	9.223
338.4	9.280
338.6	9.322
338.8	9.377
339.0	9.422
339.2	9.489
339.4	9.555
339.6	9.615
339.8	9.666
340.0	9.725
340.2	9.777
340.4	9.836
340.6	9.891
340.8	9.960
341.0	10.03
341.2	10.09
341.4	10.15
341.6	10.22
341.8	10.28
342.0	10.34
342.2	10.40
342.4	10.46
342.6	10.52
342.8	10.59
343.0	10.64
343.2	10.69
343.4	10.74
343.6	10.81
343.8	10.86
344.0	10.91
344.2	10.96
344.4	11.03
344.6	11.08
344.8	11.13
345.0	11.19
345.2	11.24
345.4	11.30
345.6	11.35
345.8	11.39
346.0	11.45
346.2	11.51
346.4	11.57
346.6	11.63
346.8	11.70
347.0	11.76
347.2	11.83
347.4	11.90
347.6	11.97
347.8	12.05
348.0	12.13
348.2	12.19
348.4	12.28
348.6	12.34
348.8	12.42
349.0	12.49
349.2	12.58
349.4	12.66
349.6	12.74
349.8	12.85
350.0	12.91
350.2	13.01
350.4	13.10
350.6	13.22
350.8	13.31
351.0	13.42
351.2	13.50
351.4	13.62
351.6	13.74
351.8	13.84
352.0	13.95
352.2	14.06
352.4	14.17
352.6	14.28
352.8	14.38
353.0	14.50
353.2	14.62
353.4	14.74
353.6	14.86
353.8	14.98
354.0	15.09
354.2	15.19
354.4	15.31
354.6	15.44
354.8	15.56
355.0	15.69
355.2	15.82
355.4	15.95
355.6	16.07
355.8	16.21
356.0	16.35
356.2	16.49
356.4	16.63
356.6	16.76
356.8	16.89
357.0	17.03
357.2	17.17
357.4	17.30
357.6	17.44
357.8	17.57
358.0	17.71
358.2	17.82
358.4	17.96
358.6	18.09
358.8	18.22
359.0	18.33
359.2	18.46
359.4	18.58
359.6	18.72
359.8	18.83
360.0	18.94
360.2	19.08
360.4	19.23
360.6	19.36
360.8	19.48
361.0	19.61
361.2	19.76
361.4	19.90
361.6	20.03
361.8	20.16
362.0	20.28
362.2	20.40
362.4	20.55
362.6	20.69
362.8	20.83
363.0	20.96
363.2	21.10
363.4	21.25
363.6	21.43
363.8	21.59
364.0	21.77
364.2	21.95
364.4	22.10
364.6	22.27
364.8	22.46
365.0	22.67
365.2	22.87
365.4	23.09
365.6	23.29
365.8	23.49
366.0	23.72
366.2	23.95
366.4	24.18
366.6	24.42
366.8	24.65
367.0	24.89
367.2	25.12
367.4	25.36
367.6	25.57
367.8	25.80
368.0	26.03
368.2	26.28
368.4	26.51
368.6	26.74
368.8	26.98
369.0	27.21
369.2	27.45
369.4	27.67
369.6	27.91
369.8	28.16
370.0	28.40
370.2	28.68
370.4	28.92
370.6	29.15
370.8	29.40
371.0	29.68
371.2	29.95
371.4	30.23
371.6	30.46
371.8	30.76
372.0	31.04
372.2	31.32
372.4	31.61
372.6	31.93
372.8	32.23
373.0	32.56
373.2	32.88
373.4	33.26
373.6	33.65
373.8	34.05
374.0	34.46
374.2	34.87
374.4	35.28
374.6	35.73
374.8	36.22
375.0	36.72
375.2	37.24
375.4	37.78
375.6	38.33
375.8	38.91
376.0	39.49
376.2	40.12
376.4	40.78
376.6	41.46
376.8	42.13
377.0	42.84
377.2	43.50
377.4	44.18
377.6	44.90
377.8	45.65
378.0	46.38
378.2	47.14
378.4	47.90
378.6	48.66
378.8	49.42
379.0	50.24
379.2	51.03
379.4	51.90
379.6	52.78
379.8	53.69
380.0	54.66
380.2	55.65
380.4	56.64
380.6	57.64
380.8	58.68
381.0	59.84
381.2	61.04
381.4	62.30
381.6	63.61
381.8	65.04
382.0	66.47
382.2	68.02
382.4	69.65
382.6	71.43
382.8	73.28
383.0	75.35
383.2	77.49
383.4	79.88
383.6	82.35
383.8	85.06
384.0	87.94
384.2	91.16
384.4	94.65
384.6	98.62
384.8	102.9
385.0	107.7
385.2	112.8
385.4	118.7
385.6	125.2
385.8	132.8
386.0	141.5
386.2	152.1
386.4	164.2
386.6	179.2
386.8	196.7
387.0	219.5
387.2	248.1
387.4	288.4
387.6	341.8
387.8	418.6
388.0	520.8
388.2	667.9
388.4	853.6
388.6	1113
388.8	1445
389.0	1905
389.2	2477
389.4	3226
389.6	4131
389.8	9999.9
390.0	9999.9
390.2	9999.9
390.4	9999.9
390.6	9999.9
390.8	9999.9
391.0	9999.9
391.2	9999.9
391.4	9999.9
391.6	9999.9
391.8	9999.9
392.0	9999.9
392.2	9999.9
392.4	9999.9
392.6	9999.9
392.8	9999.9
393.0	9999.9
393.2	9999.9
393.4	9999.9
393.6	9999.9
393.8	9999.9
394.0	9999.9
394.2	9999.9
394.4	9999.9
394.6	9999.9
394.8	9999.9
395.0	9999.9
395.2	9999.9
395.4	9999.9
395.6	9999.9
395.8	9999.9
396.0	9999.9
396.2	9999.9
396.4	9999.9
396.6	9999.9
396.8	9999.9
397.0	9999.9
397.2	9999.9
397.4	9999.9
397.6	9999.9
397.8	9999.9
398.0	9999.9
398.2	9999.9
398.4	9999.9
398.6	9999.9
398.8	9999.9
399.0	9999.9
399.2	9999.9
399.4	9999.9
399.6	9999.9
399.8	9999.9
400.0	9999.9
400.2	9999.9
400.4	9999.9
400.6	9999.9
400.8	9999.9
401.0	9999.9
401.2	9999.9
401.4	9999.9
401.6	9999.9
401.8	9999.9
402.0	9999.9
402.2	9999.9
402.4	9999.9
402.6	9999.9
402.8	9999.9
403.0	9999.9
403.2	9999.9
403.4	9999.9
403.6	9999.9
403.8	9999.9
404.0	9999.9
404.2	9999.9
404.4	9999.9
404.6	9999.9
404.8	9999.9
405.0	8625
405.2	7320
405.4	6114
405.6	5048
405.8	4108
406.0	3322
406.2	2649
406.4	2098
406.6	1643
406.8	1283
407.0	1002
407.2	786.0
407.4	621.2
407.6	497.9
407.8	405.2
408.0	336.3
408.2	284.6
408.4	246.2
408.6	217.3
408.8	195.5
409.0	178.5
409.2	165.4
409.4	154.8
409.6	146.2
409.8	139.0
410.0	132.8
410.2	127.6
410.4	123.0
410.6	118.9
410.8	115.2
411.0	111.9
411.2	108.7
411.4	105.8
411.6	103.1
411.8	100.6
412.0	98.32
412.2	96.18
412.4	94.23
412.6	92.31
412.8	90.50
413.0	88.72
413.2	87.05
413.4	85.37
413.6	83.85
413.8	82.34
414.0	80.96
414.2	79.50
414.4	78.10
414.6	76.71
414.8	75.32
415.0	73.92
415.2	72.56
415.4	71.22
415.6	69.95
415.8	68.68
416.0	67.41
416.2	66.15
416.4	64.91
416.6	63.72
416.8	62.54
417.0	61.37
417.2	60.26
417.4	59.20
417.6	58.18
417.8	57.19
418.0	56.19
418.2	55.18
418.4	54.24
418.6	53.36
418.8	52.55
419.0	51.74
419.2	50.97
419.4	50.16
419.6	49.38
419.8	48.59
420.0	47.84
420.2	47.12
420.4	46.45
420.6	45.78
420.8	45.12
421.0	44.49
421.2	43.89
421.4	43.29
421.6	42.72
421.8	42.16
422.0	41.65
422.2	41.14
422.4	40.65
422.6	40.17
422.8	39.67
423.0	39.20
423.2	38.78
423.4	38.32
423.6	37.89
423.8	37.44
424.0	37.03
424.2	36.61
424.4	36.18
424.6	35.79
424.8	35.39
425.0	34.99
425.2	34.59
425.4	34.18
425.6	33.77
425.8	33.37
426.0	33.00
426.2	32.62
426.4	32.27
426.6	31.90
426.8	31.52
427.0	31.16
427.2	30.81
427.4	30.48
427.6	30.14
427.8	29.79
428.0	29.46
428.2	29.15
428.4	28.84
428.6	28.52
428.8	28.25
429.0	27.95
429.2	27.67
429.4	27.36
429.6	27.07
429.8	26.80
430.0	26.54
430.2	26.28
430.4	26.02
430.6	25.75
430.8	25.50
431.0	25.27
431.2	25.05
431.4	24.81
431.6	24.60
431.8	24.38
432.0	24.18
432.2	23.98
432.4	23.79
432.6	23.58
432.8	23.40
433.0	23.23
433.2	23.07
433.4	22.93
433.6	22.80
433.8	22.65
434.0	22.49
434.2	22.34
434.4	22.20
434.6	22.10
434.8	21.97
435.0	21.84
435.2	21.70
435.4	21.59
435.6	21.47
435.8	21.31
436.0	21.19
436.2	21.05
436.4	20.93
436.6	20.79
436.8	20.67
437.0	20.55
437.2	20.42
437.4	20.31
437.6	20.19
437.8	20.04
438.0	19.91
438.2	19.78
438.4	19.64
438.6	19.50
438.8	19.36
439.0	19.21
439.2	19.07
439.4	18.92
439.6	18.76
439.8	18.61
440.0	18.44
440.2	18.28
440.4	18.11
440.6	17.92
440.8	17.73
441.0	17.53
441.2	17.35
441.4	17.16
441.6	16.99
441.8	16.82
442.0	16.64
442.2	16.46
442.4	16.30
442.6	16.13
442.8	15.96
443.0	15.80
443.2	15.64
443.4	15.48
443.6	15.31
443.8	15.15
444.0	14.98
444.2	14.83
444.4	14.70
444.6	14.57
444.8	14.44
445.0	14.33
445.2	14.20
445.4	14.07
445.6	13.95
445.8	13.85
446.0	13.74
446.2	13.62
446.4	13.53
446.6	13.45
446.8	13.35
447.0	13.26
447.2	13.15
447.4	13.07
447.6	13.00
447.8	12.92
448.0	12.85
448.2	12.78
448.4	12.72
448.6	12.66
448.8	12.60
449.0	12.54
449.2	12.49
449.4	12.44
449.6	12.39
449.8	12.36
450.0	12.32
450.2	12.25
450.4	12.20
450.6	12.15
450.8	12.11
451.0	12.08
451.2	12.03
451.4	11.99
451.6	11.93
451.8	11.89
452.0	11.83
452.2	11.79
452.4	11.74
452.6	11.70
452.8	11.66
453.0	11.61
453.2	11.57
453.4	11.53
453.6	11.47
453.8	11.44
454.0	11.39
454.2	11.34
454.4	11.30
454.6	11.25
454.8	11.21
455.0	11.14
455.2	11.10
455.4	11.05
455.6	10.98
455.8	10.93
456.0	10.88
456.2	10.83
456.4	10.79
456.6	10.75
456.8	10.70
457.0	10.64
457.2	10.59
457.4	10.55
457.6	10.51
457.8	10.47
458.0	10.42
458.2	10.38
458.4	10.34
458.6	10.30
458.8	10.27
459.0	10.23
459.2	10.21
459.4	10.16
459.6	10.13
459.8	10.10
460.0	10.06
460.2	10.02
460.4	9.995
460.6	9.967
460.8	9.942
461.0	9.923
461.2	9.885
461.4	9.858
461.6	9.834
461.8	9.821
462.0	9.796
462.2	9.773
462.4	9.758
462.6	9.734
462.8	9.719
463.0	9.708
463.2	9.689
463.4	9.676
463.6	9.668
463.8	9.647
464.0	9.643
464.2	9.630
464.4	9.627
464.6	9.635
464.8	9.639
465.0	9.624
465.2	9.618
465.4	9.612
465.6	9.596
465.8	9.606
466.0	9.605
466.2	9.607
466.4	9.596
466.6	9.580
466.8	9.568
467.0	9.570
467.2	9.579
467.4	9.579
467.6	9.573
467.8	9.563
468.0	9.535
468.2	9.524
468.4	9.518
468.6	9.501
468.8	9.503
469.0	9.494
469.2	9.484
469.4	9.467
469.6	9.449
469.8	9.424
470.0	9.411
470.2	9.409
470.4	9.389
470.6	9.356
470.8	9.336
471.0	9.298
471.2	9.268
471.4	9.242
471.6	9.219
471.8	9.194
472.0	9.178
472.2	9.147
472.4	9.110
472.6	9.077
472.8	9.036
473.0	8.993
473.2	8.962
473.4	8.914
473.6	8.876
473.8	8.830
474.0	8.793
474.2	8.764
474.4	8.735
474.6	8.710
474.8	8.682
475.0	8.657
475.2	8.613
475.4	8.572
475.6	8.538
475.8	8.504
476.0	8.483
476.2	8.469
476.4	8.445
476.6	8.416
476.8	8.396
477.0	8.365
477.2	8.340
477.4	8.311
477.6	8.288
477.8	8.263
478.0	8.243
478.2	8.218
478.4	8.201
478.6	8.165
478.8	8.134
479.0	8.106
479.2	8.087
479.4	8.059
479.6	8.032
479.8	8.012
480.0	7.996
480.2	7.968
480.4	7.942
480.6	7.918
480.8	7.895
481.0	7.871
481.2	7.858
481.4	7.831
481.6	7.812
481.8	7.784
482.0	7.761
482.2	7.757
482.4	7.722
482.6	7.696
482.8	7.679
483.0	7.657
483.2	7.634
483.4	7.607
483.6	7.583
483.8	7.564
484.0	7.542
484.2	7.525
484.4	7.508
484.6	7.491
484.8	7.466
485.0	7.432
485.2	7.399
485.4	7.375
485.6	7.345
485.8	7.320
486.0	7.295
486.2	7.272
486.4	7.248
486.6	7.221
486.8	7.189
487.0	7.164
487.2	7.144
487.4	7.129
487.6	7.106
487.8	7.086
488.0	7.058
488.2	7.033
488.4	7.012
488.6	6.987
488.8	6.966
489.0	6.937
489.2	6.928
489.4	6.914
489.6	6.905
489.8	6.883
490.0	6.865
490.2	6.856
490.4	6.844
490.6	6.833
490.8	6.833
491.0	6.815
491.2	6.790
491.4	6.774
491.6	6.756
491.8	6.746
492.0	6.739
492.2	6.732
492.4	6.718
492.6	6.713
492.8	6.715
493.0	6.703
493.2	6.704
493.4	6.699
493.6	6.693
493.8	6.676
494.0	6.668
494.2	6.647
494.4	6.646
494.6	6.644
494.8	6.640
495.0	6.627
495.2	6.623
495.4	6.610
495.6	6.613
495.8	6.615
496.0	6.611
496.2	6.602
496.4	6.596
496.6	6.595
496.8	6.588
497.0	6.585
497.2	6.586
497.4	6.581
497.6	6.579
497.8	6.566
498.0	6.564
498.2	6.557
498.4	6.546
498.6	6.539
498.8	6.531
499.0	6.528
499.2	6.523
499.4	6.510
499.6	6.501
499.8	6.502
500.0	6.510
500.2	6.507
500.4	6.492
500.6	6.481
500.8	6.471
501.0	6.458
501.2	6.447
501.4	6.427
501.6	6.422
501.8	6.404
502.0	6.401
502.2	6.392
502.4	6.381
502.6	6.373
502.8	6.368
503.0	6.361
503.2	6.361
503.4	6.352
503.6	6.341
503.8	6.333
504.0	6.339
504.2	6.328
504.4	6.330
504.6	6.325
504.8	6.316
505.0	6.301
505.2	6.295
505.4	6.292
505.6	6.284
505.8	6.281
506.0	6.267
506.2	6.265
506.4	6.272
506.6	6.264
506.8	6.251
507.0	6.237
507.2	6.236
507.4	6.229
507.6	6.225
507.8	6.220
508.0	6.210
508.2	6.209
508.4	6.209
508.6	6.204
508.8	6.197
509.0	6.185
509.2	6.178
509.4	6.163
509.6	6.153
509.8	6.133
510.0	6.121
510.2	6.102
510.4	6.089
510.6	6.073
510.8	6.062
511.0	6.060
511.2	6.042
511.4	6.038
511.6	6.014
511.8	5.999
512.0	5.974
512.2	5.957
512.4	5.936
512.6	5.919
512.8	5.896
513.0	5.873
513.2	5.857
513.4	5.826
513.6	5.807
513.8	5.782
514.0	5.751
514.2	5.727
514.4	5.706
514.6	5.678
514.8	5.657
515.0	5.623
515.2	5.593
515.4	5.565
515.6	5.541
515.8	5.507
516.0	5.488
516.2	5.468
516.4	5.455
516.6	5.433
516.8	5.405
517.0	5.388
517.2	5.369
517.4	5.337
517.6	5.320
517.8	5.307
518.0	5.280
518.2	5.259
518.4	5.239
518.6	5.226
518.8	5.208
519.0	5.199
519.2	5.176
519.4	5.168
519.6	5.153
519.8	5.135
520.0	5.120
520.2	5.117
520.4	5.112
520.6	5.096
520.8	5.082
521.0	5.079
521.2	5.061
521.4	5.059
521.6	5.052
521.8	5.031
522.0	5.028
522.2	5.022
522.4	5.019
522.6	5.031
522.8	5.032
523.0	5.019
523.2	5.008
523.4	5.005
523.6	5.002
523.8	5.010
524.0	5.007
524.2	5.010
524.4	5.010
524.6	5.016
524.8	5.029
525.0	5.042
525.2	5.050
525.4	5.053
525.6	5.064
525.8	5.084
526.0	5.090
526.2	5.096
526.4	5.111
526.6	5.127
526.8	5.150
527.0	5.173
527.2	5.195
527.4	5.224
527.6	5.253
527.8	5.279
528.0	5.310
528.2	5.344
528.4	5.365
528.6	5.388
528.8	5.397
529.0	5.426
529.2	5.449
529.4	5.470
529.6	5.489
529.8	5.499
530.0	5.510
530.2	5.527
530.4	5.533
530.6	5.541
530.8	5.555
531.0	5.557
531.2	5.572
531.4	5.575
531.6	5.592
531.8	5.588
532.0	5.580
532.2	5.570
532.4	5.555
532.6	5.546
532.8	5.527
533.0	5.507
533.2	5.486
533.4	5.467
533.6	5.451
533.8	5.433
534.0	5.421
534.2	5.405
534.4	5.390
534.6	5.371
534.8	5.352
535.0	5.342
535.2	5.316
535.4	5.301
535.6	5.288
535.8	5.267
536.0	5.240
536.2	5.217
536.4	5.206
536.6	5.196
536.8	5.181
537.0	5.162
537.2	5.146
537.4	5.146
537.6	5.136
537.8	5.116
538.0	5.114
538.2	5.116
538.4	5.115
538.6	5.102
538.8	5.094
539.0	5.099
539.2	5.092
539.4	5.083
539.6	5.073
539.8	5.067
540.0	5.058
540.2	5.064
540.4	5.071
540.6	5.051
540.8	5.053
541.0	5.062
541.2	5.062
541.4	5.058
541.6	5.068
541.8	5.077
542.0	5.079
542.2	5.088
542.4	5.085
542.6	5.094
542.8	5.097
543.0	5.101
543.2	5.105
543.4	5.102
543.6	5.100
543.8	5.095
544.0	5.098
544.2	5.102
544.4	5.112
544.6	5.103
544.8	5.109
545.0	5.112
545.2	5.107
545.4	5.114
545.6	5.108
545.8	5.111
546.0	5.124
546.2	5.122
546.4	5.116
546.6	5.113
546.8	5.121
547.0	5.119
547.2	5.126
547.4	5.114
547.6	5.110
547.8	5.120
548.0	5.118
548.2	5.122
548.4	5.120
548.6	5.137
548.8	5.129
549.0	5.129
549.2	5.136
549.4	5.146
549.6	5.152
549.8	5.144
550.0	5.140
550.2	5.153
550.4	5.163
550.6	5.174
550.8	5.173
551.0	5.187
551.2	5.203
551.4	5.202
551.6	5.236
551.8	5.228
552.0	5.246
552.2	5.246
552.4	5.263
552.6	5.267
552.8	5.268
553.0	5.287
553.2	5.305
553.4	5.311
553.6	5.316
553.8	5.323
554.0	5.319
554.2	5.335
554.4	5.335
554.6	5.358
554.8	5.364
555.0	5.360
555.2	5.362
555.4	5.368
555.6	5.389
555.8	5.398
556.0	5.395
556.2	5.388
556.4	5.395
556.6	5.412
556.8	5.425
557.0	5.435
557.2	5.433
557.4	5.444
557.6	5.458
557.8	5.483
558.0	5.502
558.2	5.512
558.4	5.530
558.6	5.552
558.8	5.556
559.0	5.572
559.2	5.597
559.4	5.609
559.6	5.640
559.8	5.657
560.0	5.685
560.2	5.715
560.4	5.746
560.6	5.776
560.8	5.814
561.0	5.864
561.2	5.898
561.4	5.945
561.6	5.992
561.8	6.040
562.0	6.115
562.2	6.182
562.4	6.274
562.6	6.368
562.8	6.470
563.0	6.572
563.2	6.677
563.4	6.793
563.6	6.921
563.8	7.043
564.0	7.184
564.2	7.360
564.4	7.521
564.6	7.694
564.8	7.860
565.0	8.051
565.2	8.231
565.4	8.441
565.6	8.671
565.8	8.912
566.0	9.154
566.2	9.436
566.4	9.721
566.6	10.03
566.8	10.37
567.0	10.71
567.2	11.06
567.4	11.44
567.6	11.78
567.8	12.18
568.0	12.60
568.2	13.06
568.4	13.55
568.6	14.08
568.8	14.66
569.0	15.32
569.2	16.08
569.4	17.08
569.6	18.29
569.8	19.90
570.0	21.90
570.2	24.52
570.4	27.71
570.6	31.72
570.8	36.18
571.0	41.41
571.2	47.05
571.4	53.32
571.6	59.88
571.8	66.79
572.0	73.74
572.2	80.81
572.4	87.70
572.6	94.76
572.8	101.8
573.0	109.1
573.2	116.4
573.4	123.8
573.6	131.3
573.8	139.2
574.0	147.0
574.2	155.1
574.4	163.1
574.6	170.9
574.8	178.2
575.0	184.9
575.2	190.6
575.4	195.1
575.6	198.4
575.8	200.4
576.0	201.4
576.2	201.3
576.4	200.6
576.6	199.3
576.8	197.5
577.0	195.2
577.2	192.7
577.4	189.9
577.6	186.8
577.8	183.4
578.0	179.8
578.2	175.8
578.4	171.4
578.6	166.5
578.8	161.3
579.0	155.2
579.2	148.7
579.4	141.6
579.6	134.6
579.8	127.5
580.0	120.7
580.2	114.3
580.4	108.5
580.6	103.1
580.8	98.29
581.0	93.79
581.2	89.65
581.4	85.89
581.6	82.38
581.8	79.07
582.0	76.00
582.2	73.04
582.4	70.32
582.6	67.62
582.8	65.16
583.0	62.85
583.2	60.86
583.4	59.17
583.6	57.81
583.8	56.91
584.0	56.35
584.2	56.05
584.4	56.03
584.6	56.21
584.8	56.45
585.0	56.67
585.2	56.89
585.4	56.98
585.6	56.99
585.8	56.87
586.0	56.68
586.2	56.39
586.4	55.99
586.6	55.58
586.8	55.08
587.0	54.59
587.2	54.16
587.4	53.65
587.6	53.17
587.8	52.68
588.0	52.25
588.2	51.82
588.4	51.47
588.6	51.09
588.8	50.77
589.0	50.48
589.2	50.21
589.4	49.97
589.6	49.72
589.8	49.53
590.0	49.35
590.2	49.23
590.4	49.19
590.6	49.14
590.8	49.07
591.0	48.96
591.2	48.87
591.4	48.68
591.6	48.48
591.8	48.17
592.0	47.77
592.2	47.29
592.4	46.74
592.6	46.11
592.8	45.46
593.0	44.72
593.2	44.03
593.4	43.24
593.6	42.37
593.8	41.45
594.0	40.58
594.2	39.70
594.4	38.81
594.6	37.99
594.8	37.18
595.0	36.34
595.2	35.59
595.4	34.84
595.6	34.22
595.8	33.72
596.0	33.33
596.2	33.08
596.4	32.96
596.6	33.01
596.8	33.18
597.0	33.58
597.2	34.21
597.4	35.02
597.6	35.99
597.8	37.23
598.0	38.63
598.2	40.30
598.4	42.12
598.6	44.30
598.8	46.61
599.0	49.17
599.2	51.82
599.4	54.59
599.6	57.44
599.8	60.47
600.0	63.50
600.2	66.66
600.4	69.83
600.6	72.95
600.8	76.13
601.0	79.17
601.2	82.07
601.4	84.89
601.6	87.45
601.8	89.87
602.0	91.91
602.2	93.66
602.4	95.05
602.6	96.16
602.8	96.92
603.0	97.38
603.2	97.52
603.4	97.23
603.6	96.67
603.8	95.84
604.0	94.90
604.2	93.80
604.4	92.69
604.6	91.39
604.8	90.16
605.0	88.98
605.2	87.89
605.4	87.07
605.6	86.40
605.8	86.04
606.0	85.90
606.2	86.26
606.4	86.97
606.6	88.26
606.8	89.82
607.0	91.93
607.2	94.36
607.4	97.17
607.6	100.4
607.8	104.0
608.0	107.8
608.2	112.2
608.4	116.6
608.6	121.4
608.8	126.1
609.0	131.0
609.2	135.8
609.4	140.7
609.6	145.3
609.8	149.6
610.0	153.7
610.2	157.4
610.4	160.6
610.6	163.3
610.8	165.6
611.0	167.4
611.2	168.5
611.4	169.3
611.6	169.5
611.8	169.4
612.0	168.9
612.2	168.2
612.4	167.4
612.6	166.4
612.8	165.4
613.0	164.4
613.2	163.7
613.4	163.4
613.6	163.7
613.8	164.6
614.0	166.2
614.2	168.5
614.4	171.5
614.6	175.7
614.8	180.6
615.0	186.5
615.2	193.2
615.4	200.5
615.6	208.2
615.8	216.6
616.0	224.9
616.2	233.9
616.4	243.1
616.6	252.8
616.8	262.5
617.0	272.0
617.2	281.2
617.4	290.1
617.6	298.4
617.8	306.3
618.0	313.5
618.2	320.0
618.4	325.3
618.6	329.8
618.8	333.2
619.0	335.5
619.2	336.7
619.4	336.9
619.6	336.1
619.8	334.8
620.0	333.0
620.2	331.0
620.4	328.8
620.6	326.5
620.8	324.3
621.0	322.1
621.2	320.2
621.4	318.6
621.6	317.4
621.8	316.9
622.0	316.5
622.2	316.9
622.4	317.5
622.6	318.8
622.8	320.8
623.0	323.9
623.2	327.6
623.4	332.1
623.6	337.1
623.8	342.9
624.0	349.3
624.2	356.4
624.4	363.7
624.6	371.3
624.8	379.0
625.0	386.6
625.2	394.1
625.4	401.5
625.6	409.1
625.8	416.7
626.0	424.1
626.2	431.2
626.4	438.0
626.6	444.7
626.8	451.1
627.0	456.7
627.2	461.9
627.4	466.5
627.6	470.2
627.8	473.1
628.0	474.9
628.2	475.7
628.4	475.8
628.6	475.1
628.8	473.5
629.0	470.9
629.2	467.7
629.4	463.6
629.6	458.4
629.8	452.0
630.0	445.0
630.2	436.8
630.4	427.6
630.6	416.7
630.8	404.6
631.0	391.1
631.2	377.1
631.4	361.9
631.6	346.4
631.8	330.3
632.0	314.3
632.2	297.6
632.4	281.2
632.6	264.6
632.8	248.9
633.0	233.3
633.2	218.5
633.4	204.2
633.6	190.6
633.8	177.2
634.0	164.6
634.2	152.7
634.4	141.8
634.6	131.3
634.8	121.8
635.0	113.1
635.2	105.3
635.4	98.21
635.6	92.03
635.8	86.59
636.0	81.96
636.2	77.87
636.4	74.32
636.6	71.38
636.8	68.71
637.0	66.38
637.2	64.29
637.4	62.45
637.6	60.79
637.8	59.24
638.0	57.89
638.2	56.54
638.4	55.27
638.6	53.94
638.8	52.69
639.0	51.37
639.2	50.14
639.4	48.88
639.6	47.67
639.8	46.45
640.0	45.26
640.2	44.12
640.4	42.98
640.6	41.78
640.8	40.65
641.0	39.56
641.2	38.53
641.4	37.56
641.6	36.60
641.8	35.65
642.0	34.75
642.2	33.91
642.4	33.12
642.6	32.33
642.8	31.60
643.0	30.94
643.2	30.36
643.4	29.76
643.6	29.24
643.8	28.76
644.0	28.34
644.2	27.91
644.4	27.58
644.6	27.27
644.8	27.00
645.0	26.74
645.2	26.55
645.4	26.29
645.6	26.10
645.8	25.89
646.0	25.79
646.2	25.67
646.4	25.53
646.6	25.39
646.8	25.27
647.0	25.19
647.2	25.08
647.4	24.96
647.6	24.87
647.8	24.76
648.0	24.67
648.2	24.55
648.4	24.45
648.6	24.33
648.8	24.24
649.0	24.10
649.2	24.07
649.4	23.99
649.6	23.89
649.8	23.83
650.0	23.77
650.2	23.74
650.4	23.76
650.6	23.82
650.8	23.91
651.0	24.02
651.2	24.20
651.4	24.42
651.6	24.68
651.8	25.00
652.0	25.36
652.2	25.80
652.4	26.32
652.6	26.91
652.8	27.52
653.0	28.18
653.2	28.92
653.4	29.76
653.6	30.66
653.8	31.57
654.0	32.54
654.2	33.57
654.4	34.55
654.6	35.64
654.8	36.67
655.0	37.69
655.2	38.63
655.4	39.63
655.6	40.53
655.8	41.40
656.0	42.12
656.2	42.81
656.4	43.40
656.6	43.84
656.8	44.19
657.0	44.41
657.2	44.54
657.4	44.58
657.6	44.53
657.8	44.26
658.0	43.88
658.2	43.30
658.4	42.77
658.6	42.08
658.8	41.32
659.0	40.47
659.2	39.55
659.4	38.52
659.6	37.48
659.8	36.45
660.0	35.39
660.2	34.29
660.4	33.26
660.6	32.24
660.8	31.28
661.0	30.27
661.2	29.32
661.4	28.37
661.6	27.48
661.8	26.66
662.0	25.92
662.2	25.16
662.4	24.46
662.6	23.88
662.8	23.29
663.0	22.72
663.2	22.23
663.4	21.79
663.6	21.41
663.8	21.06
664.0	20.76
664.2	20.48
664.4	20.23
664.6	20.00
664.8	19.83
665.0	19.65
665.2	19.45
665.4	19.28
665.6	19.15
665.8	19.04
666.0	18.97
666.2	18.87
666.4	18.76
666.6	18.70
666.8	18.63
667.0	18.57
667.2	18.56
667.4	18.53
667.6	18.52
667.8	18.48
668.0	18.49
668.2	18.49
668.4	18.48
668.6	18.51
668.8	18.55
669.0	18.54
669.2	18.54
669.4	18.55
669.6	18.58
669.8	18.57
670.0	18.55
670.2	18.57
670.4	18.59
670.6	18.58
670.8	18.60
671.0	18.58
671.2	18.58
671.4	18.57
671.6	18.61
671.8	18.62
672.0	18.62
672.2	18.61
672.4	18.58
672.6	18.58
672.8	18.55
673.0	18.61
673.2	18.65
673.4	18.63
673.6	18.65
673.8	18.67
674.0	18.67
674.2	18.64
674.4	18.68
674.6	18.72
674.8	18.76
675.0	18.82
675.2	18.84
675.4	18.88
675.6	19.01
675.8	19.04
676.0	19.07
676.2	19.11
676.4	19.15
676.6	19.19
676.8	19.23
677.0	19.29
677.2	19.31
677.4	19.36
677.6	19.43
677.8	19.53
678.0	19.63
678.2	19.69
678.4	19.75
678.6	19.83
678.8	19.86
679.0	19.92
679.2	19.94
679.4	20.02
679.6	20.09
679.8	20.10
680.0	20.20
680.2	20.29
680.4	20.34
680.6	20.43
680.8	20.47
681.0	20.55
681.2	20.59
681.4	20.69
681.6	20.74
681.8	20.87
682.0	20.96
682.2	21.10
682.4	21.14
682.6	21.23
682.8	21.26
683.0	21.34
683.2	21.49
683.4	21.59
683.6	21.72
683.8	21.85
684.0	21.99
684.2	22.16
684.4	22.24
684.6	22.36
684.8	22.54
685.0	22.69
685.2	22.84
685.4	22.98
685.6	23.18
685.8	23.37
686.0	23.57
686.2	23.79
686.4	23.99
686.6	24.21
686.8	24.43
687.0	24.69
687.2	25.00
687.4	25.24
687.6	25.50
687.8	25.81
688.0	26.15
688.2	26.51
688.4	26.89
688.6	27.30
688.8	27.71
689.0	28.16
689.2	28.63
689.4	29.14
689.6	29.71
689.8	30.30
690.0	30.91
690.2	31.54
690.4	32.21
690.6	32.96
690.8	33.71
691.0	34.50
691.2	35.34
691.4	36.16
691.6	37.04
691.8	37.97
692.0	38.94
692.2	39.89
692.4	40.76
692.6	41.68
692.8	42.57
693.0	43.58
693.2	44.54
693.4	45.50
693.6	46.33
693.8	47.17
694.0	47.94
694.2	48.65
694.4	49.38
694.6	50.10
694.8	50.65
695.0	51.30
695.2	51.82
695.4	52.28
695.6	52.71
695.8	53.08
696.0	53.44
696.2	53.69
696.4	53.99
696.6	54.29
696.8	54.60
697.0	54.92
697.2	55.26
697.4	55.68
697.6	56.11
697.8	56.70
698.0	57.35
698.2	58.16
698.4	59.04
698.6	60.15
698.8	61.37
699.0	62.77
699.2	64.14
699.4	65.73
699.6	67.42
699.8	69.28
700.0	71.18
700.2	73.39
700.4	75.53
700.6	77.89
700.8	80.15
701.0	82.75
701.2	85.33
701.4	88.04
701.6	90.60
701.8	93.29
702.0	95.94
702.2	98.50
702.4	100.9
702.6	103.5
702.8	105.9
703.0	108.2
703.2	110.4
703.4	112.4
703.6	114.1
703.8	115.8
704.0	117.3
704.2	118.6
704.4	119.8
704.6	120.8
704.8	121.4
705.0	121.8
705.2	122.1
705.4	122.0
705.6	121.8
705.8	121.3
706.0	120.8
706.2	120.1
706.4	119.0
706.6	117.6
706.8	116.1
707.0	114.4
707.2	112.5
707.4	110.6
707.6	108.5
707.8	106.3
708.0	103.8
708.2	101.3
708.4	98.63
708.6	95.89
708.8	93.21
709.0	90.37
709.2	87.50
709.4	84.49
709.6	81.54
709.8	78.63
710.0	75.77
710.2	72.84
710.4	70.11
710.6	67.21
710.8	64.49
711.0	61.88
711.2	59.36
711.4	56.92
711.6	54.59
711.8	52.42
712.0	50.38
712.2	48.45
712.4	46.64
712.6	44.92
712.8	43.37
713.0	41.96
713.2	40.80
713.4	39.74
713.6	38.78
713.8	37.98
714.0	37.27
714.2	36.63
714.4	36.13
714.6	35.70
714.8	35.29
715.0	34.98
715.2	34.68
715.4	34.51
715.6	34.29
715.8	34.19
716.0	34.07
716.2	33.95
716.4	33.85
716.6	33.72
716.8	33.62
717.0	33.65
717.2	33.60
717.4	33.54
717.6	33.55
717.8	33.49
718.0	33.45
718.2	33.48
718.4	33.50
718.6	33.56
718.8	33.56
719.0	33.57
719.2	33.50
719.4	33.51
719.6	33.45
719.8	33.51
720.0	33.53
720.2	33.67
720.4	33.62
720.6	33.60
720.8	33.66
721.0	33.76
721.2	33.80
721.4	33.70
721.6	33.71
721.8	33.73
722.0	33.76
722.2	33.86
722.4	33.89
722.6	33.99
722.8	34.01
723.0	34.11
723.2	34.11
723.4	34.15
723.6	34.28
723.8	34.37
724.0	34.46
724.2	34.53
724.4	34.57
724.6	34.68
724.8	34.78
725.0	34.81
725.2	34.87
725.4	34.92
725.6	35.00
725.8	35.12
726.0	35.22
726.2	35.33
726.4	35.44
726.6	35.52
726.8	35.55
727.0	35.67
727.2	35.83
727.4	35.90
727.6	35.95
727.8	36.04
728.0	36.11
728.2	36.27
728.4	36.33
728.6	36.40
728.8	36.48
729.0	36.65
729.2	36.74
729.4	36.87
729.6	36.94
729.8	37.01
730.0	37.11
730.2	37.23
730.4	37.32
730.6	37.40
730.8	37.56
731.0	37.61
731.2	37.75
731.4	37.84
731.6	37.94
731.8	38.05
732.0	38.15
732.2	38.29
732.4	38.38
732.6	38.52
732.8	38.62
733.0	38.73
733.2	38.80
733.4	38.94
733.6	39.15
733.8	39.26
734.0	39.39
734.2	39.57
734.4	39.67
734.6	39.76
734.8	39.90
735.0	40.09
735.2	40.33
735.4	40.45
735.6	40.63
735.8	40.81
736.0	40.86
736.2	41.04
736.4	41.22
736.6	41.45
736.8	41.62
737.0	41.79
737.2	41.91
737.4	42.07
737.6	42.19
737.8	42.33
738.0	42.42
738.2	42.63
738.4	42.87
738.6	43.08
738.8	43.22
739.0	43.40
739.2	43.48
739.4	43.65
739.6	43.83
739.8	43.96
740.0	44.18
740.2	44.43
740.4	44.64
740.6	44.84
740.8	45.00
741.0	45.18
741.2	45.35
741.4	45.39
741.6	45.57
741.8	45.68
742.0	45.83
742.2	46.00
742.4	46.15
742.6	46.31
742.8	46.37
743.0	46.46
743.2	46.66
743.4	46.89
743.6	47.03
743.8	47.24
744.0	47.31
744.2	47.46
744.4	47.61
744.6	47.88
744.8	48.03
745.0	48.14
745.2	48.26
745.4	48.37
745.6	48.64
745.8	48.77
746.0	49.00
746.2	49.10
746.4	49.25
746.6	49.35
746.8	49.51
747.0	49.66
747.2	49.90
747.4	50.02
747.6	50.12
747.8	50.26
748.0	50.38
748.2	50.53
748.4	50.60
748.6	50.81
748.8	51.05
749.0	51.16
749.2	51.33
749.4	51.46
749.6	51.54
749.8	51.82
750.0	52.02
750.2	52.20
750.4	52.32
750.6	52.51
750.8	52.73
751.0	53.00
751.2	53.17
751.4	53.43
751.6	53.64
751.8	53.91
752.0	54.08
752.2	54.28
752.4	54.56
752.6	54.68
752.8	54.91
753.0	55.20
753.2	55.36
753.4	55.71
753.6	55.92
753.8	56.15
754.0	56.55
754.2	56.93
754.4	57.19
754.6	57.46
754.8	57.75
755.0	58.09
755.2	58.35
755.4	58.70
755.6	59.01
755.8	59.43
756.0	59.70
756.2	59.90
756.4	60.26
756.6	60.63
756.8	60.95
757.0	61.27
757.2	61.70
757.4	61.99
757.6	62.25
757.8	62.47
758.0	62.77
758.2	63.26
758.4	63.64
758.6	63.96
758.8	64.39
759.0	64.84
759.2	65.26
759.4	65.63
759.6	65.79
759.8	66.18
760.0	66.53
760.2	66.88
760.4	67.25
760.6	67.69
760.8	68.12
761.0	68.32
761.2	68.86
761.4	69.16
761.6	69.47
761.8	70.04
762.0	70.41
762.2	70.90
762.4	71.27
762.6	71.51
762.8	71.79
763.0	72.08
763.2	72.30
763.4	72.53
763.6	72.90
763.8	73.35
764.0	73.62
764.2	74.03
764.4	74.46
764.6	74.80
764.8	75.18
765.0	75.51
765.2	75.88
765.4	76.25
765.6	76.70
765.8	77.00
766.0	77.64
766.2	78.11
766.4	78.53
766.6	79.11
766.8	79.39
767.0	79.74
767.2	80.38
767.4	80.82
767.6	81.50
767.8	82.15
768.0	82.71
768.2	83.41
768.4	83.91
768.6	84.55
768.8	85.25
769.0	85.98
769.2	86.66
769.4	87.04
769.6	87.81
769.8	88.57
770.0	89.28
770.2	90.11
770.4	90.93
770.6	91.86
770.8	92.63
771.0	93.60
771.2	94.48
771.4	95.71
771.6	96.75
771.8	97.78
772.0	98.86
772.2	99.95
772.4	101.0
772.6	102.1
772.8	103.2
773.0	104.5
773.2	106.0
773.4	107.5
773.6	108.9
773.8	110.6
774.0	112.2
774.2	113.7
774.4	115.3
774.6	117.3
774.8	119.3
775.0	121.5
775.2	123.7
775.4	126.2
775.6	128.8
775.8	131.6
776.0	134.7
776.2	138.5
776.4	142.5
776.6	147.0
776.8	152.2
777.0	157.8
777.2	164.1
777.4	171.1
777.6	178.9
777.8	188.0
778.0	197.8
778.2	209.5
778.4	222.7
778.6	237.8
778.8	254.1
779.0	272.9
779.2	293.2
779.4	317.0
779.6	342.9
779.8	373.3
780.0	406.4
780.2	443.9
780.4	484.0
780.6	528.2
780.8	575.8
781.0	631.7
781.2	692.4
781.4	761.8
781.6	835.9
781.8	919.9
782.0	1009
782.2	1111
782.4	1221
782.6	1350
782.8	1491
783.0	1654
783.2	1830
783.4	2029
783.6	2245
783.8	2488
784.0	2753
784.2	3064
784.4	3399
784.6	3783
784.8	4192
785.0	4651
785.2	5136
785.4	5679
785.6	6261
785.8	6926
786.0	7634
786.2	8416
786.4	9230
786.6	9999.9
786.8	9999.9
787.0	9999.9
787.2	9999.9
787.4	9999.9
787.6	9999.9
787.8	9999.9
788.0	9999.9
788.2	9999.9
788.4	9999.9
788.6	9999.9
788.8	9999.9
789.0	9999.9
789.2	9999.9
789.4	9999.9
789.6	9999.9
789.8	9999.9
790.0	9999.9
790.2	9999.9
790.4	9999.9
790.6	9999.9
790.8	9999.9
791.0	9999.9
791.2	9999.9
791.4	9999.9
791.6	9999.9
791.8	9999.9
792.0	9999.9
792.2	9999.9
792.4	9999.9
792.6	9999.9
792.8	9999.9
793.0	9999.9
793.2	9999.9
793.4	9999.9
793.6	9999.9
793.8	9999.9
794.0	9999.9
794.2	9999.9
794.4	9999.9
794.6	9999.9
794.8	9999.9
795.0	9999.9
795.2	9999.9
795.4	9999.9
795.6	9999.9
795.8	9999.9
796.0	9999.9
796.2	9999.9
796.4	9999.9
796.6	9999.9
796.8	9999.9
797.0	9999.9
797.2	9999.9
797.4	9999.9
797.6	9999.9
797.8	9999.9
798.0	9999.9
798.2	9999.9
798.4	9999.9
798.6	9999.9
798.8	9999.9
799.0	9999.9
799.2	9999.9
799.4	9999.9
799.6	9999.9
799.8	9999.9
800.0	9999.9
